+447529424192
+447529461097
+447529616239
+447529461097
+447529518382
+447529624433
+447529484977
+447536687320
+447529580011
+447529678982
+447529291106
+447529764021
+447529631218
+447529593609
+447529557090
+447536636629
+447529753972
+447529469607
+447529444256
+447536670885
+447529444891
+447536605099
+447529601333
+447529740097
+447536622439
+447529309687
+447529704130
+447529671595
+447536686808
+447529703808
+447536622791
+447529638278
+447529460475
+447536659437
+447529408624
+447529421611
+447529766681
+447529458250
+447529421146
+447529499953
+447529492134
+447529502264
+447536636245
+447529514689
+447536679526
+447529460152
+447529578097
+447404034615
+447466041979
+447438056411
+447529739467
+447529751890
+447529751890 
+447529416927
+447529718150
+447529626268
+447529681245
+447529549156
+447529479397
+447529755217
+447529740494
+447536650757
+447529431623
+447529720332
+447529735719
+447529312555
+447529706576
+447529729777
+447529409082
+447529499206
+447529462118
+447529676582
+447529624516
+447536674345
+447529624689
+447529466226
+447529532506
+447529767053
+447529725137
+447536683718
+447529724276
+447529610132
+447529756864
+447529688923
+447529559769
+447752864903
+447926845953
+447529499045
+447984096086
+447536679012
+447536624015
+447529534119
+447529648825
+447529739199
+447529535137
+447536685489
+447536641495
+447529678054
+447536687956
+447529424284
+447529419501
+447529601217
+447536683259
+447536664094
