566447
288204
594370
+447529624433 320119
+447529484977 403756
+447536687320 473117
+447529580011 619964
+447529678982 226219
+447529764021 186055
+447529631218 588808
+447529593609 346678
+447529557090 572944
+447536636629 492922
+447529753972 375136
+447529469607 047847
+447529444256 306770
+447536670885 189579
+447529444891 603757
+447536605099 740638
+447529601333 222222
+447529740097 796598
+447536622439 620035
+447529309687 415679
+447529704130 442849
+447529671595 186492
+447536686808 077447
+447529703808 500182
+447536622791 446749
+447529638278 914662
+447529460475 888777
+447536659437 637017
+447529408624 100868
+447529421611 206508
+447529766681 177648
+447529458250 053912
+447529421146 211992
+447529499953 483143
+447529492134 929817
+447529502264 418397
+447536636245 212984
+447529514689 754593
+447536679526 741807
+447529460152 794662
+447529460152 794662
+447529578097 575977
+447404034615 338579
+447466041979 390037
+447438056411 572175
+447529739467 600913
+447529751890 986893
+447529718150 353799
+447529626268 638020
+447529681245 615824
+447529549156 296433
+447529479397 101245
+447529755217 797722
+447529740494 644674
+447536650757 803749
+447529431623 011177
+447529720332 188084
+447529735719 527513
+447529312555 859674
+447529706576 819371
+447529729777 632373
+447529409082 721963
+447529499206 961707
+447529462118 770034
+447529676582 270204
+447529624516 574937
+447536674345 176580
+447529624689 362420
+447529466226 722902
+447529532506 958453
+447529767053 925007
+447536683718 976116
+447529724276 283614
+447529610132 256737
+447529756864 579926
+447529688923 322789
+447529559769 837182
+447752864903 829388
+447926845953 184807
+447529499045 185406
+447536679012 992238
+447536624015 674450
+447529534119 463650
+447529648825 314220
+447529739199 608489
+447529535137 245493
+447536685489 105118
+447536641495 222015
+447529678054 595836
+447536687956 366277
+447529424284 556824
+447529419501 771654
+447529601217 487640
+447536683259 524487
+447536664094 717479
